contig_1	1	40214	CP059080.1	40214	469	468
contig_10	1	943830	CP050292.1	943830	1395974	41294
contig_100	1	40214	CP043307.1	40214	469	468
contig_101	1	2742646	CP056552.1	2742646	547	543
contig_102	1	152682	CP023705.1	152682	13687	41297
contig_103	1	71139	MG925370.1	71139	3932	3931
contig_104	1	943830	CP050292.1	943830	1395974	41294
contig_105	1	943830	CP050292.1	943830	1395974	41294
contig_106	1	40214	CP037424.1	40214	469	468
contig_108	1	943830	CP050292.1	943830	1395974	41294
contig_109	1	40214	CP059080.1	40214	469	468
contig_113	1	1747	CP012647.1	1747	1912216	31957
contig_114	1	756892	CP044445.1	756892	469	468
contig_115	1	562	CP010816.1	562	561	543
contig_117	1	1325100	CP030037.1	1325100	374	41294
contig_118	1	2592814	CP041399.1	2592814	1395974	41294
contig_12	1	1076	CP000301.1	1076	1073	41294
contig_120	1	470	CP041035.1	470	469	468
contig_121	1	2592814	CP041399.1	2592814	1395974	41294
contig_122	1	76775	CP033154.1	76775	55193	742845
contig_123	1	943830	CP050292.1	943830	1395974	41294
contig_124	1	40214	CP065666.1	40214	469	468
contig_127	1	76775	CP033152.1	76775	55193	742845
contig_129	1	1282	CP033782.1	1282	1279	90964
contig_130	1	2743575	CP055277.1	2743575	469	468
contig_131	1	40214	CP031011.1	40214	469	468
contig_132	1	76775	CP033149.1	76775	55193	742845
contig_134	1	943830	CP050292.1	943830	1395974	41294
contig_135	1	76775	CP033149.1	76775	55193	742845
contig_136	1	562	CP020368.1	562	561	543
contig_137	1	40214	CP031011.1	40214	469	468
contig_138	1	943830	CP050292.1	943830	1395974	41294
contig_139	1	2592816	CP041401.1	2592816	1395974	41294
contig_14	1	40214	CP037424.1	40214	469	468
contig_143	1	29466	CP019721.1	29466	29465	31977
contig_144	1	943830	CP050292.1	943830	1395974	41294
contig_145	1	219892	MT830744.1	219892	178174	3931
contig_146	1	694003	KF530075.1	694003	694002	11118
contig_147	1	562	CP053601.1	562	561	543
contig_15	1	54005	LR134524.1	54005	162289	1570339
contig_151	1	943830	CP050292.1	943830	1395974	41294
contig_152	1	10298	KT425109.1	10298	10294	10292
contig_153	1	943830	CP050292.1	943830	1395974	41294
contig_155	1	40214	CP022298.1	40214	469	468
contig_156	1	40214	CP010350.1	40214	469	468
contig_158	1	1679311	NC_044106.1	1679311	178174	3931
contig_16	1	1961362	CP015521.1	1961362	13687	41297
contig_160	1	943830	CP050292.1	943830	1395974	41294
contig_161	1	562	AM946981.2	562	561	543
contig_162	1	943830	CP050292.1	943830	1395974	41294
contig_163	1	943830	CP050292.1	943830	1395974	41294
contig_164	1	40214	CP059080.1	40214	469	468
contig_165	1	943830	CP050292.1	943830	1395974	41294
contig_166	1	2592816	CP041401.1	2592816	1395974	41294
contig_167	1	40214	CP043307.1	40214	469	468
contig_169	1	1679311	MK102721.1	1679311	178174	3931
contig_171	1	307643	CP059262.1	307643	33986	-300
contig_172	1	1961362	CP015521.1	1961362	13687	41297
contig_174	1	1076	CP000463.1	1076	1073	41294
contig_175	1	694003	AY391777.1	694003	694002	11118
contig_176	1	694003	NC_006213.1	694003	694002	11118
contig_18	1	2592817	CP041402.1	2592817	1395974	41294
contig_19	1	1938607	CP019511.1	1938607	13687	41297
contig_2	1	2743575	CP055277.1	2743575	469	468
contig_20	1	40214	CP031011.1	40214	469	468
contig_22	1	1282	CP024437.1	1282	1279	90964
contig_23	1	562	CP047231.1	562	561	543
contig_25	1	2592815	CP041400.1	2592815	1395974	41294
contig_26	1	943830	CP050292.1	943830	1395974	41294
contig_28	1	2592814	CP041399.1	2592814	1395974	41294
contig_3	1	562	CP026641.1	562	561	543
contig_30	1	40214	CP037424.1	40214	469	468
contig_31	1	1282	CP043782.1	1282	1279	90964
contig_33	1	562	CP053597.1	562	561	543
contig_34	1	352858	CP030028.1	352858	1386	186817
contig_36	1	1280	CP015447.2	1280	1279	90964
contig_39	1	1747	AE017283.1	1747	1912216	31957
contig_4	1	2592814	CP041399.1	2592814	1395974	41294
contig_42	1	76775	CP030258.1	76775	55193	742845
contig_43	1	943830	CP050292.1	943830	1395974	41294
contig_44	1	1747	CP012353.1	1747	1912216	31957
contig_46	1	219895	MW054699.1	219895	178174	3931
contig_47	1	2592814	CP041399.1	2592814	1395974	41294
contig_48	1	694003	AY391777.1	694003	694002	11118
contig_49	1	943830	CP050292.1	943830	1395974	41294
contig_5	1	943830	CP050292.1	943830	1395974	41294
contig_50	1	943830	CP050292.1	943830	1395974	41294
contig_51	1	943830	CP050292.1	943830	1395974	41294
contig_52	1	943830	CP050292.1	943830	1395974	41294
contig_53	1	2743575	CP055277.1	2743575	469	468
contig_54	1	562	CP048330.1	562	561	543
contig_56	1	943830	CP050292.1	943830	1395974	41294
contig_58	1	40214	CP022298.1	40214	469	468
contig_59	1	40214	CP065666.1	40214	469	468
contig_6	1	1747	AP019723.1	1747	1912216	31957
contig_60	1	562	CP001665.1	562	561	543
contig_61	1	2592814	CP041399.1	2592814	1395974	41294
contig_62	1	40214	CP037424.1	40214	469	468
contig_63	1	2599297	CP042239.1	2599297	13687	41297
contig_64	1	40214	CP037424.1	40214	469	468
contig_65	1	2743575	CP055277.1	2743575	469	468
contig_66	1	71139	NC_040010.1	71139	3932	3931
contig_67	1	40214	CP059080.1	40214	469	468
contig_68	1	1938607	CP019511.1	1938607	13687	41297
contig_7	1	1325102	CP030038.1	1325102	374	41294
contig_70	1	943830	CP050292.1	943830	1395974	41294
contig_71	1	943830	CP050292.1	943830	1395974	41294
contig_72	1	943830	CP050292.1	943830	1395974	41294
contig_73	1	71139	NC_040010.1	71139	3932	3931
contig_75	1	943830	CP050292.1	943830	1395974	41294
contig_76	1	40214	CP043307.1	40214	469	468
contig_77	1	2592814	CP041399.1	2592814	1395974	41294
contig_79	1	1747	CP003084.1	1747	1912216	31957
contig_81	1	1747	CP012350.1	1747	1912216	31957
contig_82	1	129951	KF429754.1	129951	10509	10508
contig_83	1	2592815	CP041400.1	2592815	1395974	41294
contig_84	1	943830	CP050292.1	943830	1395974	41294
contig_85	1	40214	CP037424.1	40214	469	468
contig_86	1	1404888	CP050022.1	1404888	374	41294
contig_87	1	71139	NC_040010.1	71139	3932	3931
contig_9	1	40214	CP037424.1	40214	469	468
contig_90	1	943830	CP050292.1	943830	1395974	41294
contig_91	1	40214	CP065666.1	40214	469	468
contig_92	1	943830	CP050292.1	943830	1395974	41294
contig_93	1	40214	CP037424.1	40214	469	468
contig_94	1	943830	KT955714.1	943830	1395974	41294
contig_95	1	943830	CP050292.1	943830	1395974	41294
contig_96	1	334460	MT975437.1	334460	178174	3931
contig_98	1	943830	CP050292.1	943830	1395974	41294
2ba058f6-a0e0-4a30-8257-20733c037e6e	1	40214	CP031011.1	40214	469	468
e629597f-7990-4946-b85e-e8340f946d5b	1	129951	M73260.1	129951	10509	10508
7475be4e-0662-4b9a-90ea-f55069209382	1	1938607	CP019511.1	1938607	13687	41297
122421ad-5cf6-4ef6-89b4-ff61ee9dd2c4	1	40214	CP031011.1	40214	469	468
128a4e53-fb60-48e0-bec7-860a869bbb7c	1	943830	CP050292.1	943830	1395974	41294
06e355d9-a337-47d7-b69a-fa4e0ee3df2e	1	56689	CP062008.1	56689	1866885	1762
e24cdeb9-58df-4517-ac71-10a827f11cf0	1	129951	AY601635.1	129951	10509	10508
d5db3a97-812b-4f50-be3d-170859a18537	1	1961362	CP015521.1	1961362	13687	41297
9eeab4b3-11c1-41ff-ad94-1dfaad131cb3	1	2592814	CP041399.1	2592814	1395974	41294
54aec58c-2329-41c7-8f8f-1335318413dc	1	1327635	CP024923.1	1327635	13687	41297
c0c1f077-e8ce-4ef6-9815-aba83da84935	1	2592814	CP041399.1	2592814	1395974	41294
4083c54a-fbca-4f8a-98da-8d2c2a95accf	1	943830	CP050292.1	943830	1395974	41294
cbbb19f2-8a6d-48b4-9f33-4ccb42a282c9	1	40214	CP065666.1	40214	469	468
20de1c55-80ce-494a-b3c1-d4a7b7f91dac	1	1560345	CP014169.1	1560345	13687	41297
a7e655de-c435-4851-8893-25b76792c06c	1	943830	CP050292.1	943830	1395974	41294
fa6d7619-33df-42aa-8828-c9dda096d6b9	1	943830	CP050292.1	943830	1395974	41294
0c4b7b02-054e-4057-9b48-c7ea1778b58a	1	219896	XM_030586073.1	219896	178174	3931
af8499ab-d159-4d6a-9f48-fd5bd7eb137c	1	1747	AE017283.1	1747	1912216	31957
d7f4dbee-17ac-4bef-8d9e-dc2bd86fa103	1	943830	CP050292.1	943830	1395974	41294
dfe2b150-bbd9-45f7-a689-8c5511155ec7	1	943830	CP050292.1	943830	1395974	41294
c099e35a-fde7-40c8-9081-ad22aa97a9a8	1	943830	CP050292.1	943830	1395974	41294
804114a2-ff2b-4af6-b390-bf07fce92103	1	352858	CP030028.1	352858	1386	186817
123632ff-522e-4dec-b956-167936eade2a	1	29430	CP032137.1	29430	469	468
4c0f4ef8-31a2-46bc-aeb0-c1910b657131	1	943830	CP050292.1	943830	1395974	41294
c66dc7fb-8a93-4345-a5e0-ed2f36a1515f	1	40214	CP037424.1	40214	469	468
fa9553c6-3438-4a44-8084-34df1e98225b	1	2743575	CP055277.1	2743575	469	468
61b562b7-fb79-4e7b-83b1-c6571047d3d0	1	943830	CP050292.1	943830	1395974	41294
9766b224-01cf-4d2a-a3b6-f49163b45cad	1	943830	CP050292.1	943830	1395974	41294
0be64af3-a60f-4ac7-a03e-25e9196d0eef	1	943830	CP050292.1	943830	1395974	41294
a47bcf28-fa0e-4a2e-9d76-5f3eed3363d5	1	943830	CP050292.1	943830	1395974	41294
70fddae5-e629-4505-ac20-b8c4e07ce100	1	28090	CP046296.1	28090	469	468
ae66894d-200d-48cd-a8d5-14d34b861773	1	129951	M73260.1	129951	10509	10508
296da5d7-a5c9-4515-b871-7e16bba5fac0	1	943830	CP050292.1	943830	1395974	41294
d3ff15be-0ee3-44ae-a6fd-bb1b240ce6a1	1	1747	CP025935.1	1747	1912216	31957
5b98a0bc-8246-482a-ab97-8776eb59e6d8	1	2592815	CP041400.1	2592815	1395974	41294
46d6cf35-42ce-4d2f-bd04-b6c43cdfa57d	1	943830	CP050292.1	943830	1395974	41294
cdf4d101-b9b0-4652-a2a8-c125639c2a5e	1	562	CP026641.1	562	561	543
f27f80d0-8dbb-40be-8875-ce76b99c7c6d	1	943830	CP050292.1	943830	1395974	41294
14c8a28c-3d5a-42e2-8c21-221d82380d6e	1	943830	CP050292.1	943830	1395974	41294
2517204f-44b2-4c29-80d6-966b1c0c3fe0	1	2592817	CP041402.1	2592817	1395974	41294
02268297-de57-4e0a-96fc-33798f40ddfa	1	13690	CP060123.1	13690	165695	41297
6ffa7d44-7d4e-4165-b53b-7971f587fc13	1	562	CP020368.1	562	561	543
973d0043-7ef4-40c5-a066-865697e2addb	1	2743575	CP055277.1	2743575	469	468
7a85637e-7b6a-4ba9-8ec2-c7ed7c3e8f63	1	943830	CP050292.1	943830	1395974	41294
77a05609-96f6-4fa2-9c01-e65ddc9ad128	1	40214	CP022298.1	40214	469	468
ffe7b35d-ba42-4fdd-9ba9-042abb5b35a2	1	129951	AY339865.1	129951	10509	10508
059f9b8c-c35b-4e85-8d49-5b30d2234ca8	1	424800	CP048422.1	424800	13687	41297
59c689a4-203b-48f0-97d6-8b02f5ab881a	1	562	CP014268.2	562	561	543
9663bb9b-6e24-4151-ac84-0cbcc3138ff3	1	13689	CP065670.1	13689	13687	41297
fdbc760c-7310-46ac-af54-1b6bd0c27ea1	1	13690	CP060123.1	13690	165695	41297
ec3091ae-b90c-4924-8b3f-c8272a8fbcee	1	152682	CP017578.1	152682	13687	41297
43a5df32-bf9b-4803-a424-6cee693bca61	1	129951	KF268127.1	129951	10509	10508
c0e559aa-da2f-4094-a9bd-53dda70f4f0d	1	943830	CP050292.1	943830	1395974	41294
51f51dda-b1dd-4620-b5fe-788bc45e4ea3	1	562	CP037903.1	562	561	543
5eeeaf60-6123-44b8-9d35-bb2f67860707	1	2054	CP046320.1	2054	2053	85026
49c60539-ac6e-402e-ac6d-e6f417b20d7d	1	40214	CP010350.1	40214	469	468
286dadcc-26b4-4054-bea6-2ba0b8d2eb0f	1	943830	CP050292.1	943830	1395974	41294
c7ceccf0-3bfb-4dac-8c24-add022f19add	1	2592816	CP041401.1	2592816	1395974	41294
f3cc5967-2669-4b6a-9f5b-2ffcf3d95bd3	1	1747	CP013693.1	1747	1912216	31957
829aa492-91e1-4517-8e61-8e4d098189d3	1	40214	CP022298.1	40214	469	468
8cefe24e-9bf4-492b-841d-c2ed26df4637	1	129951	X02996.1	129951	10509	10508
f8ac2076-13b2-4246-911d-4bbb1a3b4c5d	1	1327635	CP024924.1	1327635	13687	41297
e98e8f78-762e-4cd8-b479-8fd549405f82	1	28090	CP054822.1	28090	469	468
a57a82f8-5519-41c2-b7cb-aadbe8cd533c	1	1904944	CP017483.1	1904944	40323	32033
5295ee99-9593-4700-82ef-f67cb06fe120	1	13689	CP065714.1	13689	13687	41297
ee38c71c-c6ca-4ab6-9558-99dbe455b526	1	1327635	CP024923.1	1327635	13687	41297
73d7d2ef-f696-4132-84be-0bda5aad0258	1	943830	CP050292.1	943830	1395974	41294
b920b04c-4e5b-4c9a-a4bc-a0a8557e3f6f	1	40214	CP059080.1	40214	469	468
7b7a19fc-b6b9-4072-9db8-ad2846ab164a	1	943830	CP050292.1	943830	1395974	41294
a88fd145-1202-429b-892a-691778cf3e4d	1	2592816	CP041401.1	2592816	1395974	41294
20af07f8-fa71-46ef-9f8a-78e5ba04cc54	1	40324	CP040435.1	40324	40323	32033
06af3724-105d-4f62-aacd-5f44840740c2	1	13690	CP060123.1	13690	165695	41297
9058ef6b-7b55-4112-9122-7d80e76d6fca	1	1961362	CP015521.1	1961362	13687	41297
f8b6d6a0-ab5e-438a-aa25-9bd27921d3d9	1	2743575	CP055277.1	2743575	469	468
ebe6ab00-30c8-45f1-a8b9-22fe07ba4997	1	299767	CP018785.1	299767	547	543
e8173c2c-7cd2-4159-a39a-6caf499cc578	1	2042888	NC_039557.1	2042888	420628	3931
95635925-2d34-4931-b136-a2c8e0b14a3a	1	943830	CP050292.1	943830	1395974	41294
3025a9f8-fbb1-47e7-b6e9-abf3204d28cc	1	2592816	CP041401.1	2592816	1395974	41294
132cd754-22af-44a1-9606-16d74296bba6	1	943830	CP050292.1	943830	1395974	41294
4bbec471-330c-4fa6-8dc7-e0b3359b62d0	1	943830	CP050292.1	943830	1395974	41294
bdf35c7a-87c1-4285-bbc6-224a327ae194	1	152682	CP023705.1	152682	13687	41297
2cd52226-e023-4eb7-b55a-56d3c645fe39	1	943830	CP050292.1	943830	1395974	41294
0be24c74-8286-4136-a561-8cf56a4d35aa	1	1327635	CP024923.1	1327635	13687	41297
01061ea8-f78e-4238-9bff-84d2d2be03a5	1	2743575	CP055277.1	2743575	469	468
a82fdead-cb6d-4883-9b3b-23cea77d332d	1	40214	CP043307.1	40214	469	468
c22e8b93-26fc-4153-b542-da118ffd886a	1	943830	CP050292.1	943830	1395974	41294
08c967d6-c073-4364-905d-4001f13e382d	1	943830	CP050292.1	943830	1395974	41294
1fac7a19-c71a-4937-8433-f651db3561c0	1	943830	CP050292.1	943830	1395974	41294
49a7d250-ecac-4ed2-b533-a850acc4a996	1	943830	CP050292.1	943830	1395974	41294
765b3697-12d5-44a0-82c0-acdffc9c7b44	1	40214	CP059080.1	40214	469	468
fc14deb2-7e6f-488d-82b4-683985bbdd07	1	29466	CP065990.1	29466	29465	31977
30f0398e-a9e0-4648-bda4-040152441ff4	1	71139	NC_040010.1	71139	3932	3931
6b64e8f4-b089-41a4-8c51-98729d9273a1	1	13689	CP065714.1	13689	13687	41297
edb52863-19db-4b94-8d3b-614342cb80c8	1	1747	CP012350.1	1747	1912216	31957
7c3445b1-d0c5-4412-8e10-7608bd6e3cce	1	40214	CP065666.1	40214	469	468
b0656a8e-b2c9-4659-a4a8-4c905be89ed1	1	1747	CP012647.1	1747	1912216	31957
3c48c354-597d-4959-8cae-c43efe66fd9a	1	943830	CP050292.1	943830	1395974	41294
f1192401-de29-46ca-9bb0-fcc7e544c199	1	129951	AY601635.1	129951	10509	10508
1243894e-05e3-45b4-bbba-3d943a732bb2	1	45972	CP031280.1	45972	1279	90964
699d2e38-a3cd-4910-a362-bfc265ecfcfe	1	129951	KF268127.1	129951	10509	10508
427f24cf-33be-4aa2-8359-e0f4562c2817	1	1850374	CP045144.1	1850374	99	335928
f2852973-c64c-4b6f-8d39-9dbf00266f14	1	943830	CP050292.1	943830	1395974	41294
3c3e7365-7a82-4634-9d53-ded46a0f339f	1	1076	CP000250.1	1076	1073	41294
7dc09cdd-125a-4336-b905-eb5391884b17	1	943830	CP050292.1	943830	1395974	41294
124393be-11b2-4bd6-811c-feb43937e654	1	40214	CP010350.1	40214	469	468
f7606622-b258-4edf-9e9e-8de42eb63e7b	1	562	CP051222.1	562	561	543
8e6e9d8a-2e83-4444-b63c-89ad3950c7c4	1	40214	CP037424.1	40214	469	468
203d1b77-2928-49cd-8d78-9b17b5ed9dde	1	943830	CP050292.1	943830	1395974	41294
149d055c-3cec-4ec2-b299-896229dbfdd0	1	2219696	CP029985.1	2219696	13687	41297
05c4cee1-9836-416f-9d0a-fc3672f61daa	1	40214	CP031011.1	40214	469	468
0adf80e5-bc23-445d-b42f-8182ef52c0eb	1	1961362	CP015521.1	1961362	13687	41297
afd27828-663e-4e3c-914b-545f7568253b	1	1646498	CP012608.1	1646498	469	468
62ace94d-5127-4cb3-aca6-80221d27b863	1	1961362	CP015521.1	1961362	13687	41297
f088e490-2e7b-4d24-9be8-89b20b4e9982	1	31998	CP001001.1	31998	407	119045
b0a0a576-9062-4599-997c-36b0f3655d17	1	299767	CP039741.1	299767	547	543
9dc50b3e-a721-4a07-b485-91280fd8c4c8	1	2599805	AP021854.1	2599805	374	41294
74e99b03-dac9-48fb-92b4-cee7e0bef065	1	129951	AY601635.1	129951	10509	10508
359b3642-d544-4a38-b28e-8e809e3745b1	1	943830	CP050292.1	943830	1395974	41294
85f1373a-a088-4492-ad6f-7c210bd18393	1	129951	KF429754.1	129951	10509	10508
19f8cae5-0115-4f2c-b515-55efd24f0ca4	1	943830	CP050292.1	943830	1395974	41294
1738b1cb-7a61-4756-9a80-b365bbe1b718	1	943830	CP050292.1	943830	1395974	41294
4761a8b1-f955-414c-9e5c-e8b429fcf0fd	1	943830	CP050292.1	943830	1395974	41294
8bb142fe-d0b5-4645-ab69-8c5434f9d22b	1	129951	AY601635.1	129951	10509	10508
7ecac92a-46b1-4299-8246-2e72badcff18	1	71139	NC_040010.1	71139	3932	3931
a1c23d8b-eb2d-48cf-b2be-508e185d0ad7	1	1747	CP003877.1	1747	1912216	31957
eb4867fb-1923-47e2-af31-bf52aa1de499	1	40214	CP010350.1	40214	469	468
0f36e19c-d60c-40e3-a5d1-503563156ca5	1	2592816	CP041401.1	2592816	1395974	41294
fd94bb8f-d2fc-4b53-8e9b-d2ece95ee1ec	1	1747	AP022845.1	1747	1912216	31957
c13d59dc-d926-4a88-ae1f-48514773f078	1	129951	KF268127.1	129951	10509	10508
10323034-8a61-471b-a66d-86c32ebafba7	1	943830	CP050292.1	943830	1395974	41294
86178ab4-7653-4248-b140-5adaaf18314d	1	943830	CP050292.1	943830	1395974	41294
7064eac3-f3b5-426d-8eae-623d72f93c51	1	129951	X02996.1	129951	10509	10508
d60c106f-cd78-4cd7-9f05-9595b4d9a0c6	1	1904944	CP017483.1	1904944	40323	32033
a3bc9c86-c4c5-487d-8493-c3400f741ca3	1	88056	KC180807.1	88056	88055	3931
1874a419-c033-44ab-ab7d-94c962a872a6	1	943830	CP050292.1	943830	1395974	41294
af09391b-9f92-4cde-80b2-8742b36f23ff	1	1076	CP000250.1	1076	1073	41294
c2c01015-ee08-4aa2-88ad-33e08795df47	1	129951	MK041242.1	129951	10509	10508
276e9a1f-f028-4d20-bcc2-aa49d646d0ac	1	129951	AY601635.1	129951	10509	10508
6870a735-dcc8-4548-a0bd-7c509f827c02	1	1904944	CP017483.1	1904944	40323	32033
96f34a88-03b4-4903-80bd-afcd24d2d8bb	1	40214	CP010350.1	40214	469	468
a1b308f7-ff50-450f-bd78-fb3ef24ae54b	1	943830	CP050292.1	943830	1395974	41294
e96d41b9-ee62-4dc1-a60d-034ceca3b59d	1	562	CP053599.1	562	561	543
0f4da6c4-d18c-45e7-843a-5619cf4f17b0	1	129951	KF429754.1	129951	10509	10508
46c0c44b-988c-4b44-9488-737781ebc84e	1	943830	CP050292.1	943830	1395974	41294
28fee904-3a82-4645-9d74-7fb3408b8a34	1	2592815	CP041400.1	2592815	1395974	41294
745f6ef7-2f83-4867-9b04-3a403b4dd81d	1	1076	CP000250.1	1076	1073	41294
5b384616-5fa8-43de-acab-97985f825791	1	943830	CP050292.1	943830	1395974	41294
373f6410-4435-4d30-bb9c-be73ca947290	1	943830	CP050292.1	943830	1395974	41294
782ea6fa-2c42-4d69-8bca-cecdb963f616	1	40214	CP010350.1	40214	469	468
c97ee351-47ef-4a24-9e28-bc9ea15bca09	1	129951	AY601635.1	129951	10509	10508
dfae5f05-1965-46ba-bde5-62de7e450037	1	1747	CP031442.1	1747	1912216	31957
f5417869-52f0-43ac-9ed1-3c0c9eca0f05	1	29430	CP030880.1	29430	469	468
7d569aa0-e0d3-416e-bf56-e688823e11b4	1	1747	CP031442.1	1747	1912216	31957
4a6d5c1f-9cca-4683-9449-f80c7c26530d	1	1076	CP001096.1	1076	1073	41294
c1056590-dcdb-42ba-8722-bbed6d28f639	1	562	CP000946.1	562	561	543
d30e70a2-7575-4cbd-a538-2fb32e1ffe40	1	943830	CP050292.1	943830	1395974	41294
cdc0c136-445f-4eb7-9c2b-c9f172d9b14a	1	943830	CP050292.1	943830	1395974	41294
497b1bc3-526b-47fc-a6e1-bb69382c99f4	1	299767	CP011798.1	299767	547	543
0d541577-eeb9-4100-b2a1-d668af4d2280	1	1197460	CP049289.1	1197460	374	41294
92fa8e7b-d03e-4ba5-9366-8b121ff1813b	1	40214	CP059080.1	40214	469	468
bd1726d4-c5f3-4e59-a58f-d7c0c28e91c0	1	40214	CP065666.1	40214	469	468
8106396e-41e1-46a9-b8b5-ce1c7003919e	1	424800	CP048423.1	424800	13687	41297
5a0fddf0-6d9d-4a0f-8048-506a6cd2e52a	1	1523415	CP037915.1	1523415	13687	41297
018f7889-d97c-4cfa-96ed-b4335053b517	1	943830	CP050292.1	943830	1395974	41294
6bdef105-66ea-41cc-b764-a2d43b5c8dee	1	1938607	CP019511.1	1938607	13687	41297
1ae317a7-8659-479b-9d47-a64c1b7165aa	1	562	CP053594.1	562	561	543
dcc7c368-e79f-425d-a633-9f3812ca1f6d	1	13689	CP065713.1	13689	13687	41297
023ebe72-c674-4283-bad7-a136d572005f	1	943830	CP050292.1	943830	1395974	41294
950429ff-d884-4e8d-b0cc-27e1ebb2c65e	1	71139	NC_040010.1	71139	3932	3931
c990c9d3-3bbf-4265-a695-17c90992e3d6	1	1327635	CP024923.1	1327635	13687	41297
68e7e4b0-2184-4815-8e1a-d4b817173cdd	1	129951	M73260.1	129951	10509	10508
6c080203-523d-4274-85a6-e6f7c6586260	1	1938607	CP019511.1	1938607	13687	41297
0c39509c-face-458c-8d55-2bd961f3bca0	1	1327635	CP024923.1	1327635	13687	41297
9250d06d-04f7-4e2f-ac0a-250b665ea018	1	562	CP014268.2	562	561	543
dc604935-a1c9-4656-aae1-1c4cd7da2fb9	1	152682	CP023705.1	152682	13687	41297
58b8aa9e-f7da-41fe-bfb7-9d0ad0171871	1	40214	CP065666.1	40214	469	468
3e059fa1-285e-41c7-84e6-9434ef2500e4	1	943830	CP050292.1	943830	1395974	41294
778e7847-0406-48df-9276-116a251dbb2b	1	1961362	CP015521.1	1961362	13687	41297
74e9a323-752f-4d8b-aa89-838577515648	1	1747	CP044255.1	1747	1912216	31957
eb51b6f2-d7aa-437c-b5c6-4e4827d7053b	1	1379870	CP010429.1	1379870	107	89373
3b75b9f6-4afb-4a2d-b5a9-3fe7950fef7c	1	1404768	CP029426.1	1404768	374	41294
e5648f36-1b33-4d7b-97c3-fbed47cdab51	1	13690	CP047218.1	13690	165695	41297
8b9ddac2-9572-4bec-bda4-8e989249c1a4	1	40214	CP037424.1	40214	469	468
094ecac8-fc02-4fd0-9d42-68c437b2441b	1	40214	CP059080.1	40214	469	468
a7fd97ae-c6b5-4ee0-b625-a8127420ab7d	1	129951	X02996.1	129951	10509	10508
6dda9dfa-5457-4c26-b1ca-7013a74bb931	1	129951	M73260.1	129951	10509	10508
a13ff8a7-b3b5-4161-9594-3c52b70bf73f	1	562	CP013048.1	562	561	543
548ef485-b778-450b-b582-4083694cca51	1	40214	CP010350.1	40214	469	468
7bbc7bcf-058b-4ec2-9cd9-aa1acc64e01d	1	1076	CP000283.1	1076	1073	41294
a4aa35fd-278e-4666-ba29-fb6f5dac2911	1	943830	CP050292.1	943830	1395974	41294
f503bec1-a519-46d5-a416-f2aa4e646a4d	1	1938607	CP019511.1	1938607	13687	41297
33c3ae15-81bd-40b0-bc72-d0ff09d53bc0	1	40214	CP065666.1	40214	469	468
5f950560-e706-4f35-b665-9e08c6e02f44	1	1850374	CP045144.1	1850374	99	335928
c946ef3b-b565-4d54-b1d0-7d5fd41a51b4	1	2592814	CP041399.1	2592814	1395974	41294
d16ca322-6f38-4d91-afcc-cf2431e425cb	1	1282	CP066303.1	1282	1279	90964
00f309c7-f8bf-4da4-a093-7454856907b6	1	1882747	LT629703.1	1882747	1033	41294
2b593b38-5186-4e6c-9ae2-90ef49662249	1	129951	M73260.1	129951	10509	10508
7d829c12-7349-4361-b9ec-14df3572d6dc	1	1290	CP014107.1	1290	1279	90964
1f4d9bb8-99fa-427c-aa22-4e8ac2153c28	1	2592816	CP041401.1	2592816	1395974	41294
2cf86986-88af-4865-8b1e-83861b498114	1	178133	XM_030687690.1	178133	178132	3931
a08d4833-efb3-4c1d-8f66-ef8729cfc459	1	40214	CP010350.1	40214	469	468
7b65ad73-f2b4-4876-86d1-13bd8705750b	1	1646498	CP012608.1	1646498	469	468
ae51f63c-bd16-4452-953e-05da2c2d97b6	1	2743575	CP055277.1	2743575	469	468
48411eaf-89d0-4c58-a699-34659c1fce79	1	1961362	CP015521.1	1961362	13687	41297
68907637-46b3-43be-937a-fc72ff8815b2	1	2599819	AP021855.1	2599819	374	41294
bfefbeb3-4373-4299-a8a9-84cfb0ef38e4	1	943830	CP050292.1	943830	1395974	41294
90eb512a-9e95-46ed-88ec-c7245b53f6fe	1	76775	CP033149.1	76775	55193	742845
83790b9d-8f28-41a9-93fc-beb42492ac47	1	2743575	CP055277.1	2743575	469	468
4364a52f-4860-4a93-b5e4-d2a635e4d4a4	1	48296	CP028574.2	48296	469	468
34cdb593-08b9-45bd-88b0-78cae9d2fd41	1	943830	CP050292.1	943830	1395974	41294
33e798c4-9bcc-4cd8-9a14-8bf22bb53a6f	1	34062	CP040257.1	34062	475	468
0e3cb6ad-8cab-40ce-9b96-18c60a554e16	1	1879050	CP033119.1	1879050	469	468
ccb3ab25-e655-4e9f-a353-7f08944a57b2	1	219896	XM_030619674.1	219896	178174	3931
68b00e83-bf33-4bc6-9128-cdb2ca6a4bcb	1	152682	CP023705.1	152682	13687	41297
e3ce2f56-42a9-4209-90cf-bd0215a92289	1	562	AP022095.1	562	561	543
98c0c462-730e-43b5-9f89-e97985cda5d0	1	40214	CP010356.1	40214	469	468
6adbfb9e-63eb-4422-856c-9731d3ab0b8b	1	1327635	CP024923.1	1327635	13687	41297
e5c363b4-2517-4c00-8189-08a4d877a9dc	1	943830	CP050292.1	943830	1395974	41294
089a821f-9a15-4e2e-8831-4960314786b2	1	129951	KF268127.1	129951	10509	10508
a066597e-e238-4ff3-8624-2af0b0df3db4	1	129951	AY339865.1	129951	10509	10508
6ffb11ce-8e86-4c6a-866c-7c7c9851d404	1	129951	M73260.1	129951	10509	10508
227e9dfc-512d-4cc5-967e-2a27181b4f3c	1	40214	CP059080.1	40214	469	468
a647ee58-c6cb-43c5-af1b-1e731b91c42c	1	2709380	CP048834.1	2709380	152053	335928
4745018c-2b36-47dd-bf7c-bc2d4e82f258	1	562	CP029371.1	562	561	543
d1c098bc-8620-43d3-aed4-d1efb06265d8	1	1850374	CP045144.1	1850374	99	335928
5d53dd6a-17a4-404c-93ec-16e1e388a90a	1	943830	CP050292.1	943830	1395974	41294
7d61d299-9339-4f95-807e-9cad1a685835	1	1961362	CP015521.1	1961362	13687	41297
ad650e08-8437-4958-96ca-b4ee4e27756a	1	1549858	CP009572.1	1549858	13687	41297
9af40964-2643-446a-acef-238093ebf065	1	219896	XM_030619674.1	219896	178174	3931
086e150d-0bb7-422d-93bc-9f4b97514c64	1	562	CP053600.1	562	561	543
92512ecb-ce0a-4e2e-8b95-37d74f41904a	1	1978566	CP021994.1	1978566	69578	85023
d1cc044b-f3ad-4d74-bb65-69ebe27a874f	1	2743575	CP055277.1	2743575	469	468
e4deb902-827f-46a9-8915-da504be354b4	1	943830	CP050292.1	943830	1395974	41294
846ab7cb-ae02-488e-b036-c93cedbbecb2	1	943830	CP050292.1	943830	1395974	41294
cbca3bdd-0b29-47f3-a4c3-dfb8522c6a13	1	152682	CP017578.1	152682	13687	41297
ea29a765-1b8f-4d7a-98c8-c9de7e3d8086	1	943830	CP050292.1	943830	1395974	41294
b57d4dc7-bf0d-48d8-9ea8-e736e37038a1	1	40214	CP022298.1	40214	469	468
29b942f8-aae7-4625-9a16-697566ed87ac	1	40214	CP031011.1	40214	469	468
af070bfb-0930-401f-95c3-4371972e52d4	1	352858	CP030028.1	352858	1386	186817
ff9755af-4c80-4a4a-a7c3-f1030cb0dba8	1	943830	CP050292.1	943830	1395974	41294
cbb1bd76-86fc-4d2e-a468-c43de78a5584	1	562	CP026641.1	562	561	543
3bf7ea30-4afa-484b-8836-1e66fb8e6068	1	943830	CP050292.1	943830	1395974	41294
9c895596-59a4-45d8-be36-9516017e13c7	1	1327635	CP024923.1	1327635	13687	41297
fea2f282-6eb1-4289-816a-ba574c63efcc	1	1325120	CP030047.1	1325120	374	41294
0db5a9df-fbae-470a-b4bd-dc24e6fa18f3	1	943830	CP050292.1	943830	1395974	41294
1fcf02d2-5263-40ee-a0e0-44878c8d1a6f	1	943830	CP050292.1	943830	1395974	41294
3222d94c-3777-437b-a6f9-04c93fab3a24	1	943830	CP050292.1	943830	1395974	41294
cceac7b9-ca56-4498-844d-adb1e01fe81b	1	129951	KF268127.1	129951	10509	10508
96b05d33-126a-4d7a-86dd-12bc6bf29baa	1	129951	KF429754.1	129951	10509	10508
8d793f97-a554-4230-8adc-35a74975c607	1	943830	CP050292.1	943830	1395974	41294
032f83fa-a7ee-488b-8f63-0f150c2ed8b4	1	562	CP010585.1	562	561	543
e8e5f938-e413-4c3c-b33c-1567582fffea	1	2710596	CP059732.1	2710596	107	89373
c94be344-f906-4915-95e1-6079431d33cb	1	1560345	CP014169.1	1560345	13687	41297
70909ef4-70b2-4496-a0c0-c945597d66ae	1	943830	CP050292.1	943830	1395974	41294
3ae36cb0-610a-4845-81ea-4742cbd43820	1	2592815	CP041400.1	2592815	1395974	41294
9be92cd3-2f15-4a52-8725-1287b0e920ef	1	1747	AP022845.1	1747	1912216	31957
ab9ee149-cf2d-42bf-b4c7-529b69af072e	1	40324	CP040435.1	40324	40323	32033
4ce0259f-b9d2-4753-ae15-f7809c9d1bf5	1	562	CP053601.1	562	561	543
cae4cd3c-3b82-4c43-b517-c33471cffdf3	1	40214	CP031011.1	40214	469	468
f435e7bf-25f9-48c5-8d42-7c706730957c	1	1747	CP012352.1	1747	1912216	31957
d33c317f-d260-432b-b343-e71ff26d02a6	1	40214	CP065666.1	40214	469	468
549a8e1c-10dd-481d-8071-b19d87b382c3	1	943830	CP050292.1	943830	1395974	41294
d4719384-bd5a-41ef-b6bd-04dac43112e6	1	921	CP002026.1	921	152053	335928
f6538160-f49c-45a2-931e-e9c3cc4a73c3	1	13690	CP047218.1	13690	165695	41297
099366cb-0543-4517-a194-3e808887b34a	1	943830	CP050292.1	943830	1395974	41294
7ef4c459-2781-42ee-b44c-c7e4131efe99	1	40214	CP022298.1	40214	469	468
f904ef3a-21a1-4095-9420-328759e69416	1	299767	CP011798.1	299767	547	543
06aaa1b0-543f-4280-b32c-2a6e2d36dc5a	1	943830	CP050292.1	943830	1395974	41294
37b16046-e963-48b3-9886-c83d36f70c69	1	2743575	CP055277.1	2743575	469	468
070de39a-0f2b-4b4d-8a17-93baac513bd7	1	2743575	CP055277.1	2743575	469	468
4aee6700-3b1c-4229-9642-85738538a740	1	2592817	CP041402.1	2592817	1395974	41294
59655587-8a71-444e-89f4-55cf19dc8209	1	38304	CP065972.1	38304	1716	1653
5cdc7460-3ded-43f5-a212-95d459b84874	1	943830	CP050292.1	943830	1395974	41294
85bb7fe8-4d1a-4712-a716-a212b0600d81	1	1961362	CP015521.1	1961362	13687	41297
9464d64e-28cc-4e9b-9f8c-89c15a51d533	1	943830	CP050292.1	943830	1395974	41294
1eeae6e0-c951-4b74-a3b5-8924c7fba883	1	129951	KF429754.1	129951	10509	10508
95fc8a91-3fd1-43ae-98f0-a5e175dfddcd	1	943830	CP050292.1	943830	1395974	41294
6e4c2b41-2e38-41a6-b98c-f4cf9a17535f	1	2743575	CP055277.1	2743575	469	468
82422306-be33-4d2c-afb4-addd0999aade	1	943830	CP050292.1	943830	1395974	41294
0abb66ea-2418-47e9-9091-f1f2eee83666	1	1747	CP003084.1	1747	1912216	31957
f778fa10-c60b-478c-8638-423284bb5ec7	1	40214	CP022298.1	40214	469	468
fd5a0531-8b03-449b-baa4-e04a539f7a0f	1	1745854	CP048630.1	1745854	99	335928
d71adeb8-b92c-48ab-a1b0-b599e3b1a69e	1	943830	CP050292.1	943830	1395974	41294
76c6a594-74cf-4ab3-ba76-bcaf77a23231	1	562	CP014269.1	562	561	543
76b46eaa-2e43-4944-ac72-63c01c682aab	1	943830	CP050292.1	943830	1395974	41294
1419fba0-20db-4605-bd14-e81c112981b2	1	129951	KF429754.1	129951	10509	10508
5528d769-913e-49db-9012-b10f1325130a	1	129951	KF429754.1	129951	10509	10508
e16fa9db-0397-4980-9aef-ec3bce1eb1c4	1	152682	CP017578.1	152682	13687	41297
0c6785d2-07e0-40f1-8465-b67053238c0c	1	129951	KF268127.1	129951	10509	10508
96bcc2cc-6d5f-40a1-b1c3-d01a2e5fc6e0	1	562	AM946981.2	562	561	543
0ade9e3b-2e20-409d-b8e1-45696c7c2c6d	1	943830	CP050292.1	943830	1395974	41294
c136739b-d1b1-4d05-a9f1-91250a3d501e	1	943830	CP050292.1	943830	1395974	41294
f20e8617-cb8c-44e2-8d36-fae54b8fa83d	1	219896	XM_030586073.1	219896	178174	3931
41f53837-90da-4501-90b3-0a597790145d	1	943830	CP050292.1	943830	1395974	41294
b03ef22c-f105-4229-a194-3cb293f340da	1	40214	CP059080.1	40214	469	468
8dacf432-0822-4eb8-8523-d479e9f1539f	1	1938607	CP019511.1	1938607	13687	41297
8ddc3243-1513-4128-aa11-39d566676a44	1	1076	CP002418.1	1076	1073	41294
a46bceb8-af1a-48ff-b208-e72f1b7d2287	1	943830	CP050292.1	943830	1395974	41294
0421f11f-7ca9-451a-b71d-ab26ac587a15	1	562	CP041431.1	562	561	543
2e12df4c-ea58-4957-a241-e4f53244cbb8	1	40214	CP059080.1	40214	469	468
230dae5e-649d-49dc-8bb8-8bc933eabcd4	1	129951	X02996.1	129951	10509	10508
4b6c96f7-6b09-4d09-a7b2-7997f66a520b	1	40324	LT906480.1	40324	40323	32033
7acf24e6-0ab9-4192-b725-afe874ae8d4c	1	13689	CP065714.1	13689	13687	41297
f339d9b4-df05-4392-8122-d8ac87b918b5	1	129951	X02996.1	129951	10509	10508
8405d3f1-75fa-4448-8825-68750d8d368a	1	1961362	CP015521.1	1961362	13687	41297
bbbfd8b3-f6c1-4972-b50c-7e80c0c62fc8	1	562	CP041452.1	562	561	543
dd4aabdf-f8e1-40c6-8326-c70ec68a89a6	1	129951	X02996.1	129951	10509	10508
7cea98be-be4f-418c-90e7-52d23a559424	1	40214	CP037424.1	40214	469	468
552e3367-6a06-4e96-96eb-a5a5158fcc7b	1	2592815	CP041400.1	2592815	1395974	41294
fb01e2dc-3c5c-42a5-8945-8f46e77201e0	1	1850374	CP045144.1	1850374	99	335928
e2aa6f3f-8ddc-4403-82b6-e45b10bd087a	1	40214	CP031011.1	40214	469	468
61fba3e9-bec1-4a30-9d0c-b336877dd710	1	562	CP053594.1	562	561	543
a4d48219-41ec-4cc7-8e31-11d1a39e930f	1	943830	CP050292.1	943830	1395974	41294
b1186d8a-892d-4369-a872-3b54c8e84279	1	943830	CP050292.1	943830	1395974	41294
1e9b0e6a-0305-4e31-b04b-68304d30a435	1	2743575	CP055277.1	2743575	469	468
b4c8d879-44b3-418b-9af7-29731eac2212	1	40214	CP037424.1	40214	469	468
3d3a2676-0b9f-4ad3-ada3-0f093023ea50	1	1325111	CP030048.1	1325111	374	41294
f10a0d00-ae6b-4c0d-a79d-e6cfd806eef5	1	29466	CP001820.1	29466	29465	31977
c514ff0a-58f9-4ef9-8a24-12d93c1c73f6	1	1327635	CP024923.1	1327635	13687	41297
eabacfe2-bd1d-4e0d-b567-d81b104e8d17	1	943830	CP050292.1	943830	1395974	41294
d7334593-cea1-483b-b47b-b8d60ff2d76b	1	943830	CP050292.1	943830	1395974	41294
916b81ef-6396-45a3-a68f-2f324670a386	1	152682	CP023705.1	152682	13687	41297
b5438ab9-25b1-415f-97b2-3c4156801e0e	1	1747	CP013693.1	1747	1912216	31957
58d043e3-b467-4bdd-8284-4f8e72d6ff1a	1	2219696	CP029985.1	2219696	13687	41297
f00783b7-ad4a-4c59-8298-ec58ac120265	1	943830	CP050292.1	943830	1395974	41294
ad173e45-ac21-456c-89c4-0cc8630920ad	1	2592815	CP041400.1	2592815	1395974	41294
7eabea16-4056-4112-a8e1-e3b494de51e2	1	299767	CP018785.1	299767	547	543
fc58910a-d8a0-4758-90c1-ee01d3758608	1	129951	KF268127.1	129951	10509	10508
1adf13a1-b1e5-4767-bbeb-ba2de2829873	1	1904944	CP017483.1	1904944	40323	32033
ee6c93b5-403c-4d83-9a0c-566b98973f77	1	40214	CP043307.1	40214	469	468
3503b838-b882-4241-8011-1580328e48f7	1	562	CP010816.1	562	561	543
daa2e7e2-afdf-4073-ad33-db5103ddb3f5	1	943830	CP050292.1	943830	1395974	41294
9ec54505-589d-428e-adf8-1633ed64d9a7	1	13689	CP065714.1	13689	13687	41297
f0a30e36-f7fb-473b-96eb-6c87a1a234b1	1	13690	CP060122.1	13690	165695	41297
209b62dd-8bb6-422f-98ea-148e02ce5c07	1	253237	CP031606.1	253237	286	135621
31431f4d-3929-4170-be7e-d4fb58ca833b	1	399045	OA884439.1	399045	399044	43954
c15200a5-c62d-4721-9388-314593e7cce0	1	13689	AP023323.1	13689	13687	41297
b9a2abf9-e4dc-4c62-a2ac-4e08ec26f224	1	40214	CP022298.1	40214	469	468
0a9bfcc8-2695-490d-9a24-63d52e6bedf8	1	562	CP053597.1	562	561	543
dd6c302c-12d8-4007-becf-76fc7cfadd98	1	943830	CP050292.1	943830	1395974	41294
34d2f2a4-584a-4bb0-bb8c-f95d68365da7	1	299767	CP018785.1	299767	547	543
0c8dcb95-29f2-4e2e-838f-f09ca28bc424	1	40214	CP059080.1	40214	469	468
dc36a914-6ef6-4355-8118-21c0515212c0	1	943830	CP050292.1	943830	1395974	41294
ea5712bd-3760-4bce-a6a9-a024412f1b31	1	943830	CP050292.1	943830	1395974	41294
8a309788-da1f-481d-9759-f6a9e97efba7	1	943830	CP050292.1	943830	1395974	41294
cff6d977-8952-437f-aaf2-5e7fbec54e1e	1	943830	CP050292.1	943830	1395974	41294
26cd3881-1d19-44d7-a039-0f9c3b410fe1	1	40214	CP022298.1	40214	469	468
f398e144-6da3-4077-a601-a18f97fa15c4	1	34062	CP040257.1	34062	475	468
fa78fc5d-cc01-4c6e-b603-3068c89a8973	1	921	CP002026.1	921	152053	335928
2354aed2-22b4-4416-9c7d-e181937a5fa5	1	943830	CP050292.1	943830	1395974	41294
61b85de7-cd0e-40ee-8507-69585159a537	1	943830	CP050292.1	943830	1395974	41294
3c244521-8dce-43f0-8cae-408b1203f9dd	1	28090	CP046296.1	28090	469	468
04e4c186-c83b-47a8-be6b-54e33f136647	1	1327635	CP024923.1	1327635	13687	41297
00995a0b-add5-4492-b459-a9fdab75d289	1	129951	KF429754.1	129951	10509	10508
af2076d9-27a9-4cea-87a2-3e9e233f2b8f	1	129951	MF044052.1	129951	10509	10508
fa529568-8df3-4f68-81e5-b7ef0bb9760b	1	2592816	CP041401.1	2592816	1395974	41294
f6cb25b5-eb41-4b92-9db3-de79dfa22c68	1	129951	KF268127.1	129951	10509	10508
253bb021-8665-433b-b68f-5a0834587b81	1	1523415	CP037915.1	1523415	13687	41297
d3ff8aab-181a-48f3-bb81-a9445879359c	1	1747	CP012647.1	1747	1912216	31957
1d70f1fb-33f9-4d25-9d03-135e3ee5907d	1	943830	CP050292.1	943830	1395974	41294
61c19908-4a26-42c1-8bb7-06319dc11c62	1	28090	CP046296.1	28090	469	468
55f22733-d29e-4d6f-84f7-bf26278f9391	1	943830	CP050292.1	943830	1395974	41294
8e6f1dbc-b88e-45c6-b7e2-7aacadf70af5	1	40214	CP022298.1	40214	469	468
8d52c572-a628-42bd-9440-7066e0cf7e9e	1	40214	CP065666.1	40214	469	468
8f1fe39b-9d71-4064-a40c-ee411cb3d776	1	943830	CP050292.1	943830	1395974	41294
6ec8b9c0-f4f4-4905-afa8-ee1d0bfe53f4	1	2682456	AP022321.1	2682456	29465	31977
ee5cee2a-0571-4c07-b313-f73472efe626	1	2592817	CP041402.1	2592817	1395974	41294
1192d152-de6e-4b4b-ba54-5f1ceec30cac	1	943830	CP050292.1	943830	1395974	41294
f7a54a8d-2bfc-4ccd-9bd9-5882e0902b53	1	1747	CP012647.1	1747	1912216	31957
d1f3da3c-6921-48dd-a522-f83b14480f4c	1	1938607	CP019511.1	1938607	13687	41297
d7870afe-4d91-4cc6-8335-636b900b4aa8	1	152682	CP023705.1	152682	13687	41297
d74f9dd9-81ed-4b59-b687-a8664aa3eabb	1	129951	KF268127.1	129951	10509	10508
f737920c-e4c9-4a10-bea1-004c00f986bc	1	40214	CP065666.1	40214	469	468
1dbb4be9-e8b0-4e90-9d69-679f50717907	1	562	CP014269.1	562	561	543
43c6968e-b06d-4ff8-b26f-4b5dbec9f865	1	40214	CP065666.1	40214	469	468
27cbdcec-c517-451f-8384-22929183824c	1	40214	CP059080.1	40214	469	468
9b670847-ce70-4140-aefa-fdad381d0c78	1	943830	CP050292.1	943830	1395974	41294
aa054081-86e4-46d3-99a2-aa94ab95e997	1	1325120	CP030047.1	1325120	374	41294
9abc12df-f8d3-4660-8c8e-5dd5be3518cc	1	943830	CP050292.1	943830	1395974	41294
2df30026-4b79-475a-8eb8-9bf1a880e887	1	1197460	CP049289.1	1197460	374	41294
c7444453-c847-421b-958e-9bd31eb706aa	1	921	CP002026.1	921	152053	335928
0f038e0c-12ae-489c-8977-437475f3abc1	1	1747	CP012355.1	1747	1912216	31957
7a28e2b5-18b8-431a-98bc-09a913517e53	1	943830	CP050292.1	943830	1395974	41294
c0f840bb-adc5-4021-a9a2-18211221f075	1	1327635	CP024923.1	1327635	13687	41297
538b62a5-7eed-4261-919f-fa42ef33edbf	1	943830	CP050292.1	943830	1395974	41294
ea6553ec-324a-4446-9f2b-6ea2f4d3cb4d	1	1747	AP022845.1	1747	1912216	31957
6d17cf94-51ad-4b36-b70c-c507ae653264	1	43675	CP061536.1	43675	32207	1268
15bfdfad-fe97-477c-985d-28501c080436	1	921	CP002026.1	921	152053	335928
f702163a-af79-4ca7-8444-649ee687858d	1	129951	AY339865.1	129951	10509	10508
eeb1c738-320f-46a7-9e42-e633765aa9a4	1	129951	AY601635.1	129951	10509	10508
9ea3ab8b-0d24-4461-adda-9b077809a7df	1	562	CP047461.1	562	561	543
327fc1c8-36c6-4dac-b7ab-e739f80e92e3	1	2743575	CP055277.1	2743575	469	468
2a0d6c72-8c90-4c73-a88f-4b3af473a744	1	1315974	CP005089.1	1315974	165695	41297
f45d376b-2bc3-42d8-b090-dbf9cb33afc9	1	40214	CP037424.1	40214	469	468
3827af3d-bd5c-41a1-bdfa-1178dbb48cfe	1	13690	CP023741.1	13690	165695	41297
8477bcab-b9da-4a1c-94df-19db69dbab5a	1	129951	M73260.1	129951	10509	10508
dba40091-f5da-4675-849c-2e8ba65231fb	1	40214	CP010350.1	40214	469	468
f9406065-fa5d-4c2a-8b2e-45e9e44501d9	1	2743575	CP055277.1	2743575	469	468
d849832d-4d2e-468c-a1cb-3626d6808a69	1	562	CP060121.1	562	561	543
8ddcfde9-f439-4fb3-a6a1-d472e7301bca	1	520734	CP053222.1	520734	165695	41297
73e39009-711e-40e3-b48c-11ade8b27fde	1	1549858	CP009571.1	1549858	13687	41297
21a4c87d-6482-47a8-8233-e9204579e3d1	1	2592816	CP041401.1	2592816	1395974	41294
8ccc2786-89c3-4d43-8c8f-84da996d89d3	1	129951	MK041242.1	129951	10509	10508
a4183830-db17-4d0e-94de-96b23b99d3ec	1	2596913	CP043639.1	2596913	13687	41297
eb0683e1-c7fb-4232-af38-e57752bc72b4	1	943830	CP050292.1	943830	1395974	41294
b7446f86-a6d7-4b10-a494-dffe695b791a	1	943830	CP050292.1	943830	1395974	41294
80f2aaae-05ce-4fad-b2e0-caecc10a36f5	1	943830	CP050292.1	943830	1395974	41294
bb232d03-68f4-4c68-bedd-784b985e624e	1	2743575	CP055277.1	2743575	469	468
37ed541b-176b-44d3-9140-91809b017a50	1	2057741	CP025113.1	2057741	374	41294
9cfaf8d8-286d-4751-8c01-62c1054d41c5	1	943830	CP050292.1	943830	1395974	41294
2b381ba3-4095-48b4-a543-fbb1bc7204ff	1	40214	CP059080.1	40214	469	468
5f02da45-2880-4cbc-af57-b5b1d1f2ca91	1	40214	CP065666.1	40214	469	468
66bb9564-ef34-4aac-bd43-a4ca725bb7a7	1	562	CP011938.1	562	561	543
42336b6c-573f-4b67-bc43-83736f823672	1	943830	CP050292.1	943830	1395974	41294
850c3878-e3c0-4362-b5f9-08114e6cbfa9	1	1747	CP003084.1	1747	1912216	31957
f3d0b29d-18b6-47bc-b0f0-d044a6419f99	1	2054	CP001802.1	2054	2053	85026
6a9f2dbf-3866-4780-949c-7c646b873faa	1	40214	CP031011.1	40214	469	468
cbc79379-d9f4-4465-8d5f-45f0dea3f66d	1	2020312	CP020947.1	2020312	379	82115
c6143b39-da09-4cd2-b50d-e76bad7aae9f	1	1076	CP019966.1	1076	1073	41294
a5c8d4c6-eb2b-4905-b1de-4666c63f7502	1	562	CP010137.1	562	561	543
18738c19-61d3-4206-aacc-88c49712a152	1	28090	CP054803.1	28090	469	468
c6463e23-49ec-4d04-8b45-626c92f3dff2	1	943830	CP050292.1	943830	1395974	41294
e8421b7f-9c76-4029-a170-e1e3a41ba2ab	1	943830	CP050292.1	943830	1395974	41294
7d9c05e0-1e50-4f9c-bc07-800f667b4a0f	1	943830	CP050292.1	943830	1395974	41294
9af1ce0e-54d2-4cdb-881d-2bb1fc419604	1	943830	CP050292.1	943830	1395974	41294
4d2a6d67-35ea-4172-aa17-ed8af2570794	1	40214	CP043307.1	40214	469	468
bba93320-110d-4f7b-a750-07703047d5ff	1	943830	CP050292.1	943830	1395974	41294
e7808d88-0e88-43b2-8c19-78363a4634ce	1	40214	CP010350.1	40214	469	468
12cf41c0-7402-4598-8b7e-ff3283890332	1	943830	CP050292.1	943830	1395974	41294
c4438066-7b35-4e55-9d21-391ea869032a	1	943830	CP050292.1	943830	1395974	41294
00769fb5-c86c-4328-949b-f082d88db28a	1	943830	CP050292.1	943830	1395974	41294
69eac1b1-74df-4b6f-9ce6-1735c45c5135	1	943830	CP050292.1	943830	1395974	41294
ac91bb4a-51b0-4cbd-a854-d82aa3a50600	1	1390395	CP013916.1	1390395	13687	41297
4bd71b5b-257c-40e3-91db-1efae925b645	1	129951	KF268127.1	129951	10509	10508
7410e477-ab36-4fa9-9b4c-773b4b077fe7	1	562	CP010170.1	562	561	543
85f9ea70-1120-42d3-9a62-a8d4f64cad46	1	562	CP053602.1	562	561	543
c32d9973-9179-4d59-96f7-b2610aa2b2b4	1	562	CP034843.1	562	561	543
72eb3714-f7bb-466a-a48b-aeec5ede96f3	1	40324	LT906480.1	40324	40323	32033
50e24f28-893b-4b1f-ac16-f31adee24ab1	1	40214	CP059080.1	40214	469	468
63e2a7cf-76ba-4329-b905-bce1e849967c	1	943830	CP050292.1	943830	1395974	41294
51a8a3e2-47e7-496b-8707-e5e9622ad959	1	29448	AP013103.1	29448	374	41294
59c84c73-1189-4d37-a6df-2267de4db6c3	1	2592816	CP041401.1	2592816	1395974	41294
481cbf5c-d93d-4cec-8bf9-2c874bcdce37	1	943830	KT955714.1	943830	1395974	41294
fc1ad10a-a609-4594-9b08-6a4d16e0968b	1	129951	AY339865.1	129951	10509	10508
c265ea2a-80d2-4f41-b031-425e41650e45	1	943830	CP050292.1	943830	1395974	41294
049d5e37-1cca-4ba6-81d3-4a9fc83c637a	1	943830	CP050292.1	943830	1395974	41294
83c54b16-20a6-4583-869c-8e5500815a4e	1	943830	CP050292.1	943830	1395974	41294
75b64780-528a-4b4c-90cd-8a7a4093c6ec	1	40214	CP043307.1	40214	469	468
18881dcf-5116-48be-8792-f1a356fb2fdf	1	352858	CP030028.1	352858	1386	186817
be7f58a7-3244-4897-853a-0a8e7ccd5fde	1	40214	CP010350.1	40214	469	468
7aa143c9-65e9-4db4-a818-5ec400f26646	1	943830	CP050292.1	943830	1395974	41294
4c02e76a-739f-4b23-b932-4c9dfbfc673d	1	40214	CP043307.1	40214	469	468
bb2d9c67-3aa4-4af1-9c88-4ace7960694f	1	562	AM946981.2	562	561	543
a0425d47-64f0-4605-b211-2985fc56bd31	1	1938607	CP019511.1	1938607	13687	41297
07180cad-8dc7-4a25-90b8-565a00261cde	1	2593653	CP058214.1	2593653	-200	-300
98b4cfde-920b-4174-8581-317d3e8c9ddb	1	219892	MT830744.1	219892	178174	3931
48869dc1-4adf-4165-81ff-c082291eb7f3	1	1904944	CP017483.1	1904944	40323	32033
478a485e-d068-476d-b438-ea92cf26aa86	1	943830	CP050292.1	943830	1395974	41294
b57dd555-9d4d-455e-b735-09835fafa35c	1	399045	OA884439.1	399045	399044	43954
b78ccf7e-12fe-4a0a-9226-5abc818fe5dc	1	40214	CP043307.1	40214	469	468
d790fbc0-ff8d-4c08-9e83-d88ffcffdb30	1	129951	AY339865.1	129951	10509	10508
52de1f08-b5e4-4ed0-91ad-7fb6193a4885	1	2743575	CP055277.1	2743575	469	468
5280df99-b808-4316-94d8-f7f42daba888	1	40214	CP037424.1	40214	469	468
a79d0a45-2a6b-4362-8c2b-d2dc51bcc2c8	1	129951	X02996.1	129951	10509	10508
f530bc94-467a-48e1-ada3-c383c8b513b9	1	40214	CP065666.1	40214	469	468
2a588297-9104-4888-9074-e26a64b16a31	1	943830	CP050292.1	943830	1395974	41294
25258141-bb80-4dd0-b73d-87d761560c91	1	1389713	CP025546.1	1389713	1763	1762
b1f91bed-5056-4e63-9494-8b3b79d5926e	1	943830	CP050292.1	943830	1395974	41294
a3c7f566-059b-4b43-9a22-20b26485320d	1	943830	CP050292.1	943830	1395974	41294
6b81b7bc-47a3-4a6b-b7e1-0f923214442f	1	1747	CP003084.1	1747	1912216	31957
73e25051-8be0-44da-ba04-df91a9cebd6f	1	562	CP049118.1	562	561	543
cc9ff7db-6038-4de1-813d-0e700dd49204	1	40214	CP059080.1	40214	469	468
0d677777-4ed3-4aa9-b22f-e984d1e224b9	1	943830	CP050292.1	943830	1395974	41294
3dfabdc7-bca0-4bc6-87a1-90ecb4268db5	1	129951	KF268127.1	129951	10509	10508
ea752bf3-ce30-4156-b7b8-7103884e0170	1	943830	CP050292.1	943830	1395974	41294
1ca08b46-d6f6-49e0-a496-c16be356a037	1	943830	CP050292.1	943830	1395974	41294
f0dec7b5-3527-48f8-9c22-c5cb2fa44d9c	1	943830	CP050292.1	943830	1395974	41294
fb1700b6-caeb-4d1b-9984-0dde6099d990	1	2592815	CP041400.1	2592815	1395974	41294
d642b9b9-9bce-4a76-b848-20ba838a974d	1	2592816	CP041401.1	2592816	1395974	41294
7b5032b2-ee51-4d70-8ff1-3635dc3c7c12	1	2592815	CP041400.1	2592815	1395974	41294
67921ea9-d596-40d6-8377-d94de77a8b43	1	562	CP027430.1	562	561	543
d275eece-6df8-4af4-b2a4-97bfdc0c5169	1	943830	CP050292.1	943830	1395974	41294
7919c4f7-52ba-4cbf-a803-11e4350fdffc	1	943830	KT955714.1	943830	1395974	41294
54bf9688-9222-45f5-a142-47b338a85782	1	1747	CP025934.1	1747	1912216	31957
468170dd-b03c-4f63-b6ee-303748584dc9	1	40214	CP065666.1	40214	469	468
8ff129df-8f7f-462a-b2f7-455a43d0d6c3	1	40214	CP010350.1	40214	469	468
783bc91a-a64b-4d9d-94d4-83bc3dfee323	1	40214	CP043307.1	40214	469	468
2d6e4011-b137-4a92-a417-eaecbff21e0f	1	1076	CP000250.1	1076	1073	41294
7a504210-c3a9-4585-b1b6-c2fb69dc4346	1	399045	OA884439.1	399045	399044	43954
9447adb5-e8a6-4f30-b178-33767596e555	1	943830	CP050292.1	943830	1395974	41294
1ae81b0b-fcd5-4c9a-b5ee-1d37a2ebe304	1	40214	CP059080.1	40214	469	468
32571b75-0a7e-4919-9e41-1475f9eee5de	1	943830	CP050292.1	943830	1395974	41294
8cb11265-20e4-499d-9cb1-4fe5c9736b98	1	40214	CP022298.1	40214	469	468
43071f97-5d63-4f31-884f-e2dd2717827e	1	943830	CP050292.1	943830	1395974	41294
3d732511-54ea-466a-bb20-5509b7b7446a	1	562	CP029371.1	562	561	543
4167126f-6d43-49e3-9f61-c02fc6ed9fe0	1	40214	CP059080.1	40214	469	468
164e63f5-7abf-481b-a663-1df7790843f4	1	943830	CP050292.1	943830	1395974	41294
7d806504-6d8b-4331-a89e-aaf6b9f6cd12	1	40214	CP022298.1	40214	469	468
cd4a6d32-94dc-4e4b-b816-a4ddbae2d2b6	1	129951	AY339865.1	129951	10509	10508
f5bb271d-5517-4f8c-a3c9-135a76bd2b1d	1	40214	CP037424.1	40214	469	468
d988a15c-aa77-474d-bdb9-c15c33749e17	1	40214	CP065666.1	40214	469	468
8118cab6-e215-499e-874a-ee41bdc53dc5	1	943830	CP050292.1	943830	1395974	41294
e64e44b3-c529-44b7-a2a4-5c01ebde74cc	1	943830	CP050292.1	943830	1395974	41294
5590844e-b027-4fd1-bd8c-4cba8fd3413d	1	129951	M73260.1	129951	10509	10508
da0195f8-afe8-41ff-aab4-94d7ef293e66	1	129951	MF044052.1	129951	10509	10508
a01e3cf2-fead-4864-a93d-132171d6b378	1	1747	CP013693.1	1747	1912216	31957
250a4efc-f87f-4acc-974e-c4f94bd2c7c4	1	129951	AY339865.1	129951	10509	10508
612f88e7-4991-49a7-9669-1bbe2950cd2f	1	129951	MH629744.1	129951	10509	10508
2051bf4a-3814-4cd1-9777-d2506528c784	1	40214	CP059080.1	40214	469	468
ca78cf30-3281-4368-a52c-cfac189913de	1	1938607	CP019511.1	1938607	13687	41297
39aa1960-32cd-449e-a8c3-08f62d943248	1	943830	CP050292.1	943830	1395974	41294
0b8820fb-ce0e-4e06-b533-2ec4d3b9a710	1	129951	KF429754.1	129951	10509	10508
fb74a8d8-430e-4887-86eb-caaddd18873b	1	562	CP043750.1	562	561	543
508ff5d2-3774-402b-9c22-9ed63da0d1a2	1	1747	CP003196.1	1747	1912216	31957
9b3d9d0f-5317-4ab8-b10a-c83eaef74564	1	943830	CP050292.1	943830	1395974	41294
95116683-5689-41ee-b328-abe5e78a292d	1	1673076	CP022748.1	1673076	165695	41297
9b7ef26f-753f-4052-a63f-fe9a31354979	1	943830	CP050292.1	943830	1395974	41294
c157fe64-ebc9-48f6-b0a2-79e68564a5ce	1	28090	CP046296.1	28090	469	468
d82102b2-e234-41f4-9e73-07e86b3f92ac	1	1747	CP012352.1	1747	1912216	31957
99194b36-32a1-4cad-9be0-0362b199d911	1	921	CP002026.1	921	152053	335928
0a67e404-b8fa-4702-ae51-a84a97eefc98	1	943830	CP050292.1	943830	1395974	41294
3067bc91-a786-4170-88bc-dc9b33eb6951	1	943830	CP050292.1	943830	1395974	41294
41ed25ca-ab64-4b61-94be-fcdf3df017fb	1	943830	CP050292.1	943830	1395974	41294
489338a6-c0c1-47f5-b7ed-d743045703a7	1	2743575	CP055277.1	2743575	469	468
634d0226-ae8f-4417-aa37-7b8f1804563e	1	1747	CP023676.1	1747	1912216	31957
25507eb2-9f6c-486e-8a6f-dbfad27c1b41	1	943830	CP050292.1	943830	1395974	41294
b5b37bfb-142e-4a84-99af-49fb9e6a6ee1	1	129951	M73260.1	129951	10509	10508
